Date,OutMax,OutMin,InMax,InMin,Rain
2017-01-28,10.0,2.1,20.5,17.8,0.0
2017-01-27,7.7,0.9,21.2,18.5,0.0
2017-01-26,11.1,3.1,21.5,18.2,0.0
2017-01-25,14.5,2.2,21.3,17.8,0.0
2017-01-24,14.3,2.7,21.0,17.8,0.0
2017-01-23,12.1,1.3,21.4,18.2,0.0
2017-01-22,9.9,1.4,21.2,18.0,0.0
2017-01-21,9.7,1.7,21.2,18.2,0.0
2017-01-20,11.0,1.8,21.6,18.4,0.0
2017-01-19,10.8,1.2,21.3,18.0,0.0
2017-01-18,11.7,1.9,21.0,17.9,0.0
2017-01-17,9.1,0.8,21.2,17.9,0.0
2017-01-16,13.1,2.3,21.7,18.2,0.0
2017-01-15,12.3,2.1,21.7,16.7,0.0
2017-01-14,8.6,-0.1,20.3,15.9,2.1
2017-01-13,3.3,-0.6,19.5,16.5,0.3
2017-01-12,1.6,-0.7,20.0,15.6,0.0
2017-01-11,1.7,-0.6,18.2,16.2,0.0
2017-01-10,9.4,-1.5,19.0,15.8,0.0
2017-01-09,4.8,-1.3,18.9,15.9,0.0
2017-01-08,5.2,-1.8,19.3,16.7,0.0
2017-01-07,7.0,-0.3,19.8,17.8,0.0
2017-01-06,11.7,4.4,20.6,18.1,0.0
2017-01-05,12.1,2.4,20.3,17.7,0.0
2017-01-04,10.6,2.0,20.3,17.7,0.0
2017-01-03,9.6,2.5,20.0,17.8,0.0
2017-01-02,12.4,1.9,20.2,17.3,0.0
2017-01-01,11.3,0.7,19.5,17.5,0.0
2016-12-31,10.8,2.3,19.5,18.0,0.0
2016-12-30,9.6,4.5,20.4,19.4,0.0
2016-12-29,15.8,6.4,21.8,-40.0,0.0
2016-12-28,23.9,9.3,21.3,18.3,0.0
2016-12-27,15.7,5.3,20.3,18.2,0.0
2016-12-26,12.7,4.2,20.8,18.1,0.0
2016-12-25,14.0,4.0,20.6,18.3,0.0
2016-12-24,14.8,4.0,21.3,19.3,0.0
2016-12-23,11.6,5.8,21.4,18.7,0.0
2016-12-22,14.1,7.4,20.8,17.8,0.3
2016-12-21,9.0,5.5,20.9,16.5,2.1
2016-12-20,6.2,-0.1,18.7,16.5,0.3
2016-12-19,7.2,-0.7,19.5,16.7,0.0
2016-12-18,6.3,0.9,20.1,17.0,0.0
2016-12-17,6.8,2.3,20.0,16.9,0.0
2016-12-16,5.1,1.8,19.9,17.0,0.0
2016-12-15,5.0,2.5,19.8,17.2,0.0
2016-12-14,8.0,3.1,19.8,17.1,0.0
2016-12-13,6.2,2.0,19.5,17.5,0.0
2016-12-12,12.1,1.1,20.2,17.2,0.0
2016-12-11,9.3,1.0,20.3,17.4,0.3
2016-12-10,9.2,-0.5,20.3,17.8,0.0
2016-12-09,12.0,1.2,20.5,18.2,0.0
2016-12-08,12.8,2.4,20.9,18.5,0.0
2016-12-07,13.7,6.0,20.9,18.5,0.0
2016-12-06,10.6,6.3,20.4,18.6,0.0
2016-12-05,10.4,7.5,19.9,18.8,0.0
2016-12-04,11.4,7.0,20.4,19.1,0.0
2016-12-03,17.3,6.3,20.9,18.5,0.0
2016-12-02,14.8,4.8,20.4,17.8,0.0
2016-12-01,11.4,1.9,20.3,18.1,0.0
2016-11-30,11.1,5.1,20.6,19.0,0.0
2016-11-29,13.3,7.5,21.0,20.1,0.0
2016-11-28,16.9,7.2,22.5,20.9,0.0
2016-11-27,18.4,11.8,22.3,20.5,0.9
2016-11-26,14.4,13.5,21.4,20.4,6.6
2016-11-25,14.8,13.2,21.3,20.2,16.2
2016-11-24,15.1,11.7,21.1,19.5,1.2
2016-11-23,12.8,11.3,20.8,18.8,19.8
2016-11-22,11.0,8.9,20.3,18.4,24.6
2016-11-21,9.8,7.7,20.3,18.4,7.2
2016-11-20,10.3,7.9,20.1,18.3,3.0
2016-11-19,9.9,7.1,20.5,18.4,4.8
2016-11-18,9.2,6.6,20.6,18.3,0.0
2016-11-17,14.8,4.2,20.6,18.0,0.0
2016-11-16,8.6,5.7,20.5,18.4,0.0
2016-11-15,12.1,6.4,21.2,19.3,0.0
2016-11-14,13.5,7.0,21.3,19.3,0.0
2016-11-13,17.1,3.5,22.0,18.3,0.0
2016-11-12,12.1,7.0,20.8,18.5,0.3
2016-11-11,14.8,3.9,21.2,17.9,0.0
2016-11-10,11.5,3.8,20.3,18.9,0.0
2016-11-09,14.7,7.1,21.6,19.1,0.0
2016-11-08,18.4,6.3,21.2,18.9,0.3
2016-11-07,12.1,9.2,20.5,19.5,1.5
2016-11-06,11.3,9.9,20.9,20.0,19.8
2016-11-05,17.9,10.4,22.2,19.9,0.0
2016-11-04,16.9,9.5,21.7,20.2,0.0
2016-11-03,17.3,11.9,21.1,20.3,0.0
2016-11-02,17.4,9.2,21.4,19.3,0.0
2016-11-01,15.1,9.3,20.5,20.4,0.0
2016-10-31,18.3,10.3,25.8,21.1,0.0
2016-10-30,21.9,10.7,23.6,21.0,0.0
2016-10-29,21.1,12.7,22.8,21.5,0.0
2016-10-28,21.4,14.4,23.5,20.7,0.3
2016-10-27,16.9,13.7,21.3,20.3,1.5
2016-10-26,14.7,13.1,21.1,20.2,5.7
2016-10-25,14.4,11.8,21.1,20.1,3.6
2016-10-24,12.9,11.6,21.2,20.2,5.4
2016-10-23,16.9,10.9,22.0,21.2,0.0
2016-10-22,19.8,10.9,23.1,21.0,0.0
2016-10-21,20.0,11.0,22.6,21.2,0.0
2016-10-20,17.8,13.4,22.7,21.8,0.0
2016-10-19,23.4,13.5,24.5,21.8,0.0
2016-10-18,20.0,14.1,23.0,22.5,0.3
2016-10-17,22.8,12.4,25.6,20.8,0.0
2016-10-16,16.0,10.6,22.1,19.9,12.9
2016-10-15,12.4,10.1,21.7,19.3,33.9
2016-10-14,12.9,10.6,21.0,18.6,3.6
2016-10-13,20.0,7.2,21.1,18.6,0.0
2016-10-12,18.8,10.6,21.3,19.2,0.6
2016-10-11,19.4,9.7,21.3,20.0,17.7
2016-10-10,17.1,10.6,21.8,20.8,9.9
2016-10-09,21.9,12.1,23.3,21.9,0.0
2016-10-08,24.0,11.5,24.6,21.7,0.0
2016-10-07,20.8,11.8,25.6,23.0,0.0
2016-10-06,23.0,13.0,27.2,24.6,0.0
2016-10-05,26.9,14.8,28.6,24.4,0.0
2016-10-04,27.9,16.3,28.6,23.6,0.0
2016-10-03,26.6,17.6,26.0,24.5,0.9
2016-10-02,25.1,17.7,25.1,24.0,0.0
2016-10-01,27.3,18.5,28.4,25.2,0.0
2016-09-30,29.3,17.3,29.6,24.4,0.0
2016-09-29,28.6,16.9,28.6,25.0,0.0
2016-09-28,29.2,17.2,28.9,24.2,0.0
2016-09-27,28.4,16.6,29.2,25.2,0.0
2016-09-26,28.0,15.9,29.7,25.3,0.0
2016-09-25,29.2,16.5,30.2,24.2,0.0
2016-09-24,28.0,16.4,26.5,24.3,0.0
2016-09-23,25.1,16.7,27.1,23.1,0.0
2016-09-22,24.4,17.0,27.3,25.3,0.6
2016-09-21,30.3,18.5,30.5,25.2,0.0
2016-09-20,32.5,17.9,30.2,25.7,0.0
2016-09-19,27.7,16.9,28.6,25.6,0.9
2016-09-18,28.0,17.1,28.0,24.0,0.0
2016-09-17,25.9,18.6,27.6,26.1,0.0
2016-09-16,26.9,19.4,28.3,26.1,12.6
2016-09-15,34.1,22.2,30.1,27.1,0.0
2016-09-14,34.4,22.6,30.7,27.3,0.0
2016-09-13,34.4,23.2,30.8,28.0,0.0
2016-09-12,33.9,22.7,30.6,27.5,0.0
2016-09-11,34.0,22.9,30.0,27.8,0.0
2016-09-10,34.4,22.2,30.5,27.8,0.0
2016-09-09,32.8,22.5,29.3,27.2,0.0
2016-09-08,32.5,19.4,29.1,25.8,0.0
2016-09-07,31.8,20.1,29.3,26.4,0.0
2016-09-06,36.5,23.0,31.1,27.5,0.0
2016-09-05,33.1,23.7,30.6,28.1,0.0
2016-09-04,35.0,23.6,30.5,28.2,0.0
2016-09-03,35.6,23.2,30.8,28.0,0.0
2016-09-02,33.7,22.3,30.7,27.2,0.0
2016-09-01,32.4,22.1,30.4,26.9,0.0
2016-08-31,30.9,19.9,28.5,26.5,13.2
2016-08-30,37.0,23.5,31.4,27.6,0.3
2016-08-29,37.1,22.8,31.6,27.3,0.0
2016-08-28,35.0,22.3,30.1,27.8,0.0
2016-08-27,32.0,23.1,29.2,27.7,0.0
2016-08-26,32.3,22.4,29.9,28.3,0.0
2016-08-25,33.5,20.9,29.5,28.4,0.0
2016-08-24,32.2,20.3,29.0,28.1,0.0
2016-08-23,30.7,20.0,28.7,28.2,0.0
2016-08-22,33.3,21.8,28.7,28.1,0.3
2016-08-21,27.3,22.2,29.2,28.6,0.6
2016-08-20,31.9,20.8,29.7,29.1,0.0
2016-08-19,32.8,20.3,30.0,29.6,0.3
2016-08-18,35.0,21.4,30.4,29.8,0.0
2016-08-17,34.3,24.0,30.4,29.6,0.0
2016-08-16,35.2,23.1,29.9,28.6,0.0
2016-08-15,35.0,20.8,28.7,27.8,0.0
2016-08-14,31.1,19.1,28.1,27.2,0.0
2016-08-13,29.3,18.4,27.7,27.1,0.0
2016-08-12,28.5,17.0,28.0,27.7,0.0
2016-08-11,29.3,18.3,28.7,28.4,18.9
2016-08-10,32.3,22.7,29.6,28.6,0.0
2016-08-09,32.0,20.5,29.0,28.1,0.0
2016-08-08,32.6,21.3,28.4,27.2,0.0
2016-08-07,31.1,19.1,27.2,25.6,0.0
2016-08-06,26.2,19.1,27.2,26.2,19.5
2016-08-05,34.5,24.0,30.6,28.5,0.0
2016-08-04,34.3,22.4,29.8,27.2,0.0
2016-08-03,32.0,22.5,28.6,26.7,0.0
2016-08-02,31.1,20.1,28.5,26.6,0.0
2016-08-01,31.1,19.5,29.3,28.2,29.7
2016-07-31,34.5,25.2,30.6,28.5,0.0
2016-07-30,34.5,23.1,29.8,27.2,0.0
2016-07-29,33.2,19.8,28.7,26.4,0.6
2016-07-28,33.8,19.2,30.2,27.8,30.9
2016-07-27,35.6,22.9,30.4,28.2,3.3
2016-07-26,36.3,23.6,30.5,27.8,0.0
2016-07-25,33.7,21.7,29.0,27.1,0.0
2016-07-24,31.9,23.6,28.6,26.1,0.0
2016-07-23,33.7,24.5,30.3,27.9,0.0
2016-07-22,34.5,24.6,31.5,27.8,0.0
2016-07-21,36.5,25.0,31.9,29.3,0.0
2016-07-20,35.6,23.2,30.6,28.1,0.0
2016-07-19,35.1,22.0,29.0,26.9,0.0
2016-07-18,32.6,18.9,28.4,27.2,0.0
2016-07-17,30.2,18.2,27.4,26.3,0.0
2016-07-16,31.2,16.7,27.3,26.2,0.0
2016-07-15,33.0,17.1,27.8,25.3,0.0
2016-07-14,31.0,18.7,28.6,25.6,11.4
2016-07-13,30.7,23.1,30.7,27.9,10.8
2016-07-12,36.7,27.0,32.8,30.0,0.0
2016-07-11,36.1,25.8,31.9,31.1,0.0
2016-07-10,35.6,23.2,31.1,27.4,0.0
2016-07-09,32.2,22.3,31.5,29.1,2.4
2016-07-08,34.4,23.1,31.1,30.5,0.0
2016-07-07,35.0,22.0,30.6,30.1,0.0
2016-07-06,33.0,22.9,33.4,29.7,0.0
2016-07-05,31.1,22.3,30.1,30.0,0.0
2016-07-04,34.4,21.4,30.3,30.0,0.0
2016-07-03,32.5,22.2,30.8,30.6,6.9
2016-07-02,34.5,23.1,35.1,30.0,0.0
2016-07-01,32.5,22.9,30.1,27.7,0.0
2016-06-30,33.6,23.1,30.1,27.5,0.0
2016-06-29,32.7,21.9,29.3,26.6,0.0
2016-06-28,35.5,20.9,30.0,27.8,0.0
2016-06-27,33.4,20.4,31.2,29.0,3.3
2016-06-26,36.5,25.5,31.4,30.0,0.0
2016-06-25,35.7,24.6,32.1,29.2,0.0
2016-06-24,35.0,23.7,32.8,27.8,0.0
2016-06-23,33.7,21.0,28.6,26.6,0.0
2016-06-22,30.8,21.3,27.4,25.5,0.0
2016-06-21,30.6,16.3,29.4,24.1,0.0
2016-06-20,25.9,17.5,25.6,23.6,1.2
2016-06-19,27.0,17.8,28.4,24.8,0.0
2016-06-18,26.9,17.4,28.0,24.0,0.0
2016-06-17,25.5,18.5,25.2,24.4,16.2
2016-06-16,27.7,15.4,25.5,24.4,7.8
2016-06-15,27.7,15.5,26.2,24.8,30.0
2016-06-14,29.3,18.0,26.1,25.0,0.0
2016-06-13,27.6,18.5,29.2,25.1,0.0
2016-06-12,27.5,18.1,26.0,25.0,5.1
2016-06-11,28.0,17.0,26.0,25.4,0.0
2016-06-10,26.6,17.5,26.4,25.9,4.8
2016-06-09,30.4,17.4,30.3,26.8,4.5
2016-06-08,31.8,19.3,30.8,25.5,0.0
2016-06-07,30.9,17.9,29.6,24.0,0.0
2016-06-06,28.0,17.5,28.3,23.5,2.7
2016-06-05,25.7,17.0,26.2,23.4,15.6
2016-06-04,26.6,16.2,25.9,23.4,7.2
2016-06-03,25.6,16.3,24.6,23.6,23.4
2016-06-02,24.9,15.4,24.3,23.2,9.3
2016-06-01,24.7,16.2,24.5,23.6,3.9
2016-05-31,20.4,15.4,25.1,24.1,52.8
2016-05-30,19.4,17.1,26.3,25.3,24.9
2016-05-29,31.4,20.1,31.3,26.9,0.0
2016-05-28,31.6,18.5,30.4,26.1,0.0
2016-05-27,29.8,16.5,28.6,24.5,0.0
2016-05-26,26.5,15.2,28.3,24.1,0.0
2016-05-25,28.5,13.5,29.7,22.2,0.0
2016-05-24,21.7,14.3,25.0,23.6,6.0
2016-05-23,29.9,17.4,26.3,24.0,0.0
2016-05-22,29.3,15.4,23.6,22.4,0.0
2016-05-21,27.7,10.7,22.3,20.7,0.0
2016-05-20,17.2,11.8,23.3,22.3,20.1
2016-05-19,26.6,13.6,23.2,22.8,0.0
2016-05-18,24.6,12.5,22.7,22.1,0.0
2016-05-17,23.2,12.2,23.1,22.8,0.0
2016-05-16,27.9,14.1,22.9,22.1,0.0
2016-05-15,26.9,14.1,22.6,20.8,0.0
2016-05-14,22.3,13.4,21.0,20.5,1.8
2016-05-13,18.8,13.8,21.1,20.9,10.5
2016-05-12,15.9,13.9,22.5,21.8,30.3
2016-05-11,20.0,14.5,23.5,23.1,4.2
2016-05-10,19.2,14.5,24.8,24.1,2.7
2016-05-09,25.5,15.7,25.3,24.7,0.0
2016-05-08,27.9,15.0,24.9,23.2,0.0
2016-05-07,27.2,13.4,24.6,23.5,0.0
2016-05-06,25.5,13.4,23.6,-40.0,0.0
2016-05-05,26.9,14.3,24.0,22.7,0.0
2016-05-04,27.9,12.0,22.8,20.4,0.0
2016-05-03,19.5,11.0,21.3,20.3,0.0
2016-05-02,13.7,10.0,22.2,21.1,10.5
2016-05-01,23.2,10.9,23.2,21.0,12.9
2016-04-30,22.3,11.3,21.8,21.1,0.0
2016-04-29,19.1,8.5,21.7,21.5,0.0
2016-04-28,22.3,10.0,22.4,21.2,0.0
2016-04-27,19.9,9.4,22.2,21.7,0.3
2016-04-26,22.2,7.4,22.5,21.9,0.9
2016-04-25,33.4,9.8,24.0,23.1,0.0
2016-04-24,26.3,13.6,24.3,23.6,3.0
2016-04-23,33.2,15.1,24.9,23.6,0.0
2016-04-22,31.7,14.4,23.8,23.3,0.0
2016-04-21,30.9,13.0,24.4,23.1,0.0
2016-04-20,33.3,11.4,23.3,22.5,0.0
2016-04-19,32.6,14.7,23.6,22.5,0.0
2016-04-18,21.6,15.2,23.4,23.0,0.0
2016-04-17,26.4,13.7,23.6,22.6,0.0
2016-04-16,28.5,13.7,24.7,23.9,0.0
2016-04-15,35.5,12.6,24.6,23.1,0.0
2016-04-14,31.2,13.9,24.7,23.6,2.4
2016-04-13,30.3,12.6,24.0,23.6,0.0
2016-04-12,30.0,12.9,24.4,23.2,0.0
2016-04-11,32.6,11.7,23.6,22.4,0.0
2016-04-10,28.6,13.5,23.4,22.6,0.3
2016-04-09,24.7,14.0,23.6,23.0,1.5
2016-04-08,28.8,15.6,24.3,22.8,0.0
2016-04-07,30.4,12.6,23.2,21.6,0.0
2016-04-06,22.3,13.1,22.2,21.9,0.0
2016-04-05,21.4,13.8,22.8,22.5,0.6
2016-04-04,26.9,14.2,22.8,21.8,0.0
2016-04-03,24.0,14.4,22.2,21.3,0.0
2016-04-02,20.8,12.9,21.5,21.3,0.0
2016-04-01,23.7,13.5,21.5,21.2,0.0
2016-03-31,17.4,14.8,21.8,21.5,0.0
2016-03-30,28.7,11.3,21.5,19.9,0.0
2016-03-29,17.6,10.9,20.9,20.3,1.8
2016-03-28,25.2,10.1,21.5,21.0,6.0
2016-03-27,27.2,7.8,21.5,20.6,0.0
2016-03-26,24.0,9.7,21.3,20.9,0.0
2016-03-25,26.2,7.3,22.0,21.1,0.0
2016-03-24,24.3,9.7,22.4,21.5,0.0
2016-03-23,25.6,10.4,22.5,21.7,0.0
2016-03-22,27.4,10.3,22.8,21.5,0.0
2016-03-21,26.4,9.7,22.4,21.2,0.0
2016-03-20,30.5,8.2,21.7,20.8,0.0
2016-03-19,28.8,6.9,21.3,19.8,0.0
2016-03-18,24.7,7.7,20.5,18.1,0.0
2016-03-17,10.6,4.9,19.5,19.3,6.6
2016-03-16,22.3,6.9,20.9,19.8,0.0
2016-03-15,19.7,10.0,20.7,20.1,0.0
2016-03-14,23.7,10.5,21.2,20.5,0.3
2016-03-13,26.3,10.6,21.3,19.8,0.0
2016-03-12,24.6,8.2,20.5,19.5,0.0
2016-03-11,26.5,6.4,20.8,18.2,0.0
2016-03-10,21.9,5.1,19.5,17.6,0.0
2016-03-09,15.8,4.2,19.3,17.9,0.0
2016-03-08,20.8,4.7,19.8,17.0,0.0
2016-03-07,9.4,3.6,19.2,17.1,0.3
2016-03-06,7.1,4.0,19.8,18.9,27.0
2016-03-05,21.0,4.1,20.5,19.5,0.0
2016-03-04,27.6,7.2,21.3,19.3,0.0
2016-03-03,22.6,7.9,20.9,19.5,6.0
2016-03-02,27.0,6.9,20.7,18.3,0.0
2016-03-01,15.1,8.6,19.3,17.7,11.4
2016-02-29,9.0,5.8,19.3,17.6,20.4
2016-02-28,7.0,5.3,19.8,17.8,8.1
2016-02-27,13.1,4.4,19.8,18.9,2.7
2016-02-26,19.5,7.0,20.3,19.5,0.0
2016-02-25,19.0,7.1,20.9,19.9,0.0
2016-02-24,22.6,9.8,21.2,19.5,0.0
2016-02-23,19.0,8.8,20.7,20.1,0.3
2016-02-22,28.2,7.0,21.0,19.1,0.0
2016-02-21,24.2,5.5,20.4,18.8,0.0
2016-02-20,24.0,5.7,20.6,18.4,0.0
2016-02-19,20.9,4.7,19.9,17.6,0.3
2016-02-18,8.4,4.8,19.1,18.2,4.2
2016-02-17,9.2,8.5,19.8,18.5,7.2
2016-02-16,22.1,5.5,19.5,17.3,0.0
2016-02-15,7.1,6.0,19.1,17.2,3.6
2016-02-14,17.5,2.5,18.4,17.5,0.3
2016-02-13,15.8,5.0,19.3,18.6,3.3
2016-02-12,22.3,3.7,20.9,18.8,0.0
2016-02-11,25.5,6.2,20.5,18.0,0.0
2016-02-10,11.1,8.2,19.5,18.2,14.7
2016-02-09,19.3,6.5,19.3,17.5,0.3
2016-02-08,8.2,6.0,19.5,17.8,23.7
2016-02-07,9.4,5.8,19.8,18.6,0.3
2016-02-06,20.1,4.5,21.0,18.7,0.0
2016-02-05,23.9,5.8,20.8,17.9,0.3
2016-02-04,10.6,8.4,19.5,18.6,4.2
2016-02-03,10.9,8.1,19.9,18.5,0.3
2016-02-02,15.9,6.3,20.5,19.5,0.0
2016-02-01,23.1,8.7,20.9,19.0,0.0
2016-01-31,10.3,9.4,20.3,19.9,2.7
2016-01-30,25.7,10.0,21.3,19.3,0.0
2016-01-29,15.1,9.3,20.4,19.2,0.0
2016-01-28,16.2,6.8,20.3,19.1,0.0
2016-01-27,24.6,6.1,20.7,19.0,0.0
2016-01-26,24.5,3.6,20.8,18.1,0.0
2016-01-25,20.0,1.8,20.7,17.7,0.0
2016-01-24,18.6,2.6,20.4,17.5,0.0
2016-01-23,17.3,1.1,19.5,17.4,0.0
2016-01-22,15.1,0.1,19.6,17.4,0.0
2016-01-21,16.3,0.4,19.9,17.4,0.0
2016-01-20,15.9,-0.5,20.5,17.4,0.0
2016-01-19,13.4,0.8,20.3,18.1,0.0
2016-01-18,20.6,3.9,20.6,18.5,0.0
2016-01-17,23.1,2.7,21.7,18.6,0.0
2016-01-16,22.4,2.8,21.2,17.8,0.0
2016-01-15,10.7,3.7,20.3,19.0,0.0
2016-01-14,24.2,5.5,21.4,18.4,0.0
2016-01-13,24.4,3.8,21.3,18.1,0.3
2016-01-12,9.8,6.0,20.5,18.1,0.3
2016-01-11,8.4,5.4,20.2,17.7,0.6
2016-01-10,6.9,5.5,20.3,17.1,7.2
2016-01-09,6.8,1.7,19.4,16.6,0.0
2016-01-08,9.0,2.8,19.0,16.4,0.0
2016-01-07,19.2,4.4,19.2,15.7,0.3
2016-01-06,6.3,3.5,18.6,14.7,0.9
2016-01-05,4.5,1.9,17.2,15.0,2.4
2016-01-04,3.9,1.9,18.0,14.5,2.7
2016-01-03,3.3,1.7,17.6,14.1,6.0
2016-01-02,14.6,2.8,15.5,14.7,0.0
2016-01-01,7.8,4.5,16.1,15.7,0.0
2015-12-31,21.0,5.3,16.6,15.2,0.0
2015-12-30,18.6,0.7,16.3,15.9,0.0
2015-12-29,18.1,2.3,19.6,16.6,0.0
2015-12-28,17.1,2.7,19.0,17.0,0.0
2015-12-27,18.9,2.7,19.0,17.9,0.0
2015-12-26,12.7,6.2,20.4,18.2,0.0
2015-12-25,11.0,7.6,20.5,18.3,0.0
2015-12-24,12.2,8.3,20.1,18.8,0.0
2015-12-23,16.0,8.9,20.6,19.0,0.0
2015-12-22,10.6,8.4,20.5,19.1,1.2
2015-12-21,22.8,6.6,21.0,18.9,0.0
2015-12-20,20.7,6.3,21.1,19.0,0.0
2015-12-19,20.9,5.8,20.5,19.0,0.0
2015-12-18,21.9,6.5,20.9,18.8,0.0
2015-12-17,19.3,7.5,20.3,18.4,0.0
2015-12-16,20.2,6.1,20.4,17.3,0.0
2015-12-15,10.4,6.6,19.0,17.6,0.0
2015-12-14,12.1,6.2,19.6,17.7,0.0
2015-12-13,21.4,2.3,19.6,16.9,0.0
2015-12-12,19.1,2.1,18.9,17.4,0.0
2015-12-11,20.5,4.4,19.9,17.5,0.0
2015-12-10,15.1,6.0,19.6,18.5,0.0
2015-12-09,22.1,6.5,20.6,18.0,0.0
2015-12-08,10.0,7.2,19.9,18.5,0.0
2015-12-07,8.4,6.7,20.6,18.4,0.0
2015-12-06,15.7,5.6,20.5,17.8,0.0
2015-12-05,11.0,4.1,20.0,18.6,0.0
2015-12-04,16.7,5.1,20.9,18.9,0.0
2015-12-03,19.7,5.7,20.8,19.5,0.0
2015-12-02,26.8,5.0,21.8,18.5,0.0
2015-12-01,25.9,4.5,21.1,18.1,0.0
2015-11-30,19.6,2.9,20.8,18.1,0.0
2015-11-29,20.4,3.4,21.2,18.4,0.0
2015-11-28,23.5,3.0,21.2,18.0,0.0
2015-11-27,21.1,2.7,20.5,17.3,0.0
2015-11-26,14.4,4.2,19.5,17.9,0.0
2015-11-25,20.2,3.1,20.7,17.6,0.0
2015-11-24,7.6,5.7,19.6,19.1,0.3
2015-11-23,28.7,5.4,21.3,18.9,0.3
2015-11-22,13.9,5.7,21.1,19.6,0.3
2015-11-21,14.3,11.8,20.9,18.5,0.0
2015-11-20,13.5,10.3,19.4,18.7,0.0
2015-11-19,16.5,9.3,19.6,19.1,0.0
2015-11-18,23.9,9.1,20.2,18.7,0.0
2015-11-17,18.4,9.2,19.7,19.1,0.0
2015-11-16,20.9,10.2,20.4,19.3,0.0
2015-11-15,11.7,10.3,21.3,20.1,0.0
2015-11-14,27.6,10.3,22.5,21.5,0.0
2015-11-13,31.7,11.2,22.9,22.2,0.0
2015-11-12,31.9,11.9,23.7,22.1,0.0
2015-11-11,34.4,11.5,23.6,22.1,0.0
2015-11-10,32.0,11.3,23.2,21.9,0.0
2015-11-09,32.8,11.6,22.8,21.7,0.0
2015-11-08,33.2,11.3,22.9,21.5,0.0
2015-11-07,32.5,11.7,23.0,21.3,0.0
2015-11-06,31.6,10.3,22.6,20.7,0.0
2015-11-05,30.3,10.0,21.8,19.9,0.3
2015-11-04,22.0,9.0,21.2,20.7,0.0
2015-11-03,29.6,9.0,22.2,21.1,0.0
2015-11-02,29.0,10.1,22.8,21.2,0.0
2015-11-01,30.7,11.4,23.5,21.1,0.0
2015-10-31,30.5,12.3,22.1,19.9,0.0
2015-10-30,16.1,12.1,20.8,19.9,0.0
2015-10-29,14.6,11.9,20.8,20.7,18.0
2015-10-28,23.3,8.6,21.6,20.7,0.0
2015-10-27,27.4,10.4,22.4,20.8,0.0
2015-10-26,26.5,11.6,22.0,21.4,0.0
2015-10-25,30.6,10.2,23.1,21.1,0.0
2015-10-24,29.2,9.8,22.5,20.9,0.0
2015-10-23,27.4,8.5,22.3,20.6,0.0
2015-10-22,26.9,9.5,22.1,21.0,0.0
2015-10-21,29.4,11.1,22.3,20.8,0.0
2015-10-20,29.1,9.8,21.9,19.6,0.0
2015-10-19,15.2,12.0,20.7,19.7,0.9
2015-10-18,24.9,9.1,21.9,20.1,0.6
2015-10-17,25.6,9.7,21.0,19.6,2.4
2015-10-16,18.9,11.5,20.9,20.6,3.3
2015-10-15,24.1,14.2,21.7,21.3,7.2
2015-10-14,15.3,14.4,22.7,22.1,6.3
2015-10-13,29.5,14.7,23.8,22.0,6.6
2015-10-12,30.5,14.2,23.8,23.0,0.0
2015-10-11,30.5,15.3,23.6,22.9,1.5
2015-10-10,31.3,16.1,24.1,23.0,9.6
2015-10-09,31.9,16.9,23.6,22.4,0.0
2015-10-08,31.6,15.1,23.2,21.5,0.0
2015-10-07,19.6,16.1,22.3,22.1,2.7
2015-10-06,32.3,13.7,22.7,21.2,2.7
2015-10-05,29.6,15.4,21.7,21.0,9.3
2015-10-04,26.2,13.2,21.5,20.4,14.4
2015-10-03,17.5,14.3,21.1,21.0,3.0
2015-10-02,26.1,11.6,22.0,21.7,0.0
2015-10-01,28.1,13.8,23.4,22.3,0.0
2015-09-30,27.0,14.3,23.2,22.9,0.0
2015-09-29,28.1,15.9,24.3,23.8,0.0
2015-09-28,27.9,16.9,25.0,24.6,0.0
2015-09-27,34.2,15.6,25.6,24.1,0.0
2015-09-26,35.2,14.2,25.1,22.9,0.0
2015-09-25,33.6,10.2,23.3,20.8,0.0
2015-09-24,15.0,12.3,24.3,22.9,20.1
2015-09-23,25.5,17.8,25.0,24.9,0.0
2015-09-22,36.3,16.5,27.5,26.3,0.0
2015-09-21,37.1,17.3,27.9,26.6,0.0
2015-09-20,36.6,16.8,27.7,26.3,0.0
2015-09-19,36.7,19.4,26.8,25.5,0.0
2015-09-18,33.6,18.4,26.4,24.8,0.0
2015-09-17,25.5,19.1,25.6,25.1,1.8
2015-09-16,32.7,19.1,25.9,25.1,0.0
2015-09-15,31.9,17.6,25.2,24.5,12.9
2015-09-14,22.8,18.2,25.7,25.0,20.7
2015-09-13,33.7,18.2,25.8,25.3,0.0
2015-09-12,31.4,17.0,25.8,25.4,0.0
2015-09-11,32.6,18.2,25.7,25.5,0.0
2015-09-10,34.1,16.6,26.5,25.8,0.0
2015-09-09,34.5,18.1,25.9,25.2,0.0
2015-09-08,35.5,16.1,26.6,26.2,0.0
2015-09-07,36.5,15.1,26.6,25.9,0.0
2015-09-06,35.8,16.1,27.0,26.1,10.5
2015-09-05,32.6,19.8,27.3,26.3,0.0
2015-09-04,34.2,21.2,28.0,26.8,0.0
2015-09-03,38.2,21.7,29.2,27.5,0.0
2015-09-02,38.2,22.7,30.1,28.2,2.4
2015-09-01,41.8,24.3,31.5,28.4,0.0
2015-08-31,42.9,23.5,30.7,30.1,0.0
2015-08-30,42.6,23.2,29.9,28.8,0.0
2015-08-29,41.4,22.3,28.7,27.8,0.0
2015-08-28,40.2,20.5,27.9,26.3,0.0
2015-08-27,37.1,19.2,26.4,25.5,0.0
2015-08-26,33.6,19.5,25.3,25.0,0.6
2015-08-25,25.8,17.8,25.9,25.2,6.0
2015-08-24,25.2,18.9,27.2,26.2,4.5
2015-08-23,37.7,19.9,28.3,27.3,0.0
2015-08-22,35.3,18.3,28.8,28.5,3.3
2015-08-21,39.2,18.6,28.7,28.3,0.0
2015-08-20,35.8,18.7,28.9,28.5,0.0
2015-08-19,35.9,20.3,29.3,29.2,0.9
2015-08-18,37.9,19.6,29.3,28.8,0.0
2015-08-17,34.5,18.3,29.8,29.4,0.3
2015-08-16,31.0,19.2,31.5,30.6,4.2
2015-08-15,30.6,23.1,32.9,32.3,0.0
2015-08-14,42.9,26.5,32.8,31.9,0.0
2015-08-13,42.8,24.7,31.8,30.9,0.0
2015-08-12,40.5,21.8,30.7,30.3,0.0
2015-08-11,30.3,20.3,32.8,30.5,17.7
2015-08-10,41.5,23.5,33.5,33.4,1.2
2015-08-09,42.8,27.5,33.4,32.2,0.0
2015-08-08,43.9,27.2,33.2,31.2,0.0
2015-08-07,43.0,25.9,32.0,30.3,0.0
2015-08-06,42.3,24.3,30.8,28.8,0.0
2015-08-05,38.9,23.9,30.2,28.3,0.0
2015-08-04,39.0,21.6,28.5,27.0,0.0
2015-08-03,37.6,17.9,26.7,25.8,0.0
2015-08-02,24.4,18.9,27.1,26.0,5.4
2015-08-01,33.2,19.2,28.2,26.7,3.9
2015-07-31,35.6,22.3,29.3,27.2,0.0
2015-07-30,39.6,24.0,30.1,27.7,0.0
2015-07-29,38.5,23.9,30.3,27.2,0.0
2015-07-28,40.2,24.5,31.0,28.7,0.0
2015-07-27,35.4,24.0,30.5,28.3,0.0
2015-07-26,39.3,21.4,31.4,28.7,10.2
2015-07-25,40.8,26.1,32.8,30.4,0.0
2015-07-24,43.7,27.0,33.6,30.5,0.0
2015-07-23,43.8,28.4,34.1,32.1,1.2
2015-07-22,44.6,27.8,34.0,30.8,0.0
2015-07-21,41.5,26.5,33.3,30.1,0.0
2015-07-20,41.5,25.7,34.4,31.5,0.0
2015-07-19,42.8,26.5,34.1,33.5,0.0
2015-07-18,41.9,27.8,33.5,31.3,0.0
2015-07-17,42.5,26.9,33.0,30.3,0.0
2015-07-16,42.2,26.2,32.5,29.9,0.0
2015-07-15,41.5,25.6,35.2,30.2,0.0
2015-07-14,41.1,25.9,35.2,30.9,0.0
2015-07-13,40.1,23.6,34.5,30.0,0.0
2015-07-12,39.4,22.5,34.1,29.3,0.0
2015-07-11,37.9,22.7,35.3,32.0,0.0
2015-07-10,36.6,25.3,35.7,33.5,0.0
2015-07-09,39.8,27.1,37.3,37.1,0.0
2015-07-08,41.9,28.1,37.4,34.1,0.0
2015-07-07,43.0,27.6,34.8,34.2,0.0
2015-07-06,41.8,26.7,34.0,33.5,0.0
2015-07-05,41.1,24.4,33.4,33.0,0.0
2015-07-04,40.5,26.3,33.3,32.2,0.0
2015-07-03,40.9,24.7,32.1,31.1,0.0
2015-07-02,39.7,23.5,31.0,28.5,0.0
2015-07-01,38.1,22.8,30.2,27.2,0.0
2015-06-30,36.6,23.1,29.8,27.5,0.0
2015-06-29,36.7,21.1,30.2,27.4,0.9
2015-06-28,37.9,21.5,31.0,28.0,0.0
2015-06-27,37.4,19.3,29.4,26.2,0.0
2015-06-26,35.1,18.5,28.4,26.4,0.0
2015-06-25,33.3,15.8,28.4,26.1,0.0
2015-06-24,34.6,21.3,29.2,25.6,3.0
2015-06-23,34.3,18.9,28.5,25.4,1.5
2015-06-22,34.6,18.7,28.5,26.1,0.0
2015-06-21,37.1,18.6,28.6,25.7,0.0
2015-06-20,35.2,20.6,30.0,26.8,0.0
2015-06-19,34.0,19.3,28.0,26.5,0.0
2015-06-18,31.5,18.1,27.4,25.5,0.0
2015-06-17,30.6,17.9,27.1,25.6,12.0
2015-06-16,32.9,18.5,27.4,26.3,3.9
2015-06-15,24.1,18.6,28.6,26.1,15.9
2015-06-14,31.7,20.1,29.3,-40.0,2.1
2015-06-13,33.7,21.3,29.4,28.3,1.5
2015-06-12,37.7,21.1,30.2,27.2,0.0
2015-06-11,35.4,20.1,28.9,26.4,2.4
2015-06-10,37.0,20.8,30.0,27.0,0.3
2015-06-09,37.7,21.9,32.4,27.3,10.5
2015-06-08,39.8,22.7,33.2,29.3,5.4
2015-06-07,40.0,25.0,33.8,30.4,0.3
2015-06-06,40.9,23.5,32.0,28.7,0.0
2015-06-05,40.6,22.7,30.4,28.5,0.0
2015-06-04,40.3,20.4,30.1,27.0,0.6
2015-06-03,37.7,19.1,28.5,26.9,0.0
2015-06-02,33.4,18.6,27.5,26.3,0.0
2015-06-01,28.2,17.8,26.9,26.0,0.0
2015-05-31,34.2,17.5,27.0,26.7,0.0
2015-05-30,33.8,16.1,26.6,25.5,0.0
2015-05-29,33.2,14.9,26.0,23.9,0.0
2015-05-28,31.2,12.7,25.7,24.7,0.0
2015-05-27,32.7,14.2,25.7,24.8,16.2
2015-05-26,34.6,15.1,25.8,24.6,1.5
2015-05-25,32.6,12.8,24.9,23.6,0.0
2015-05-24,28.8,14.3,24.5,23.7,0.0
2015-05-23,28.6,12.8,24.5,23.9,0.0
2015-05-22,27.9,11.9,25.1,22.9,9.9
2015-05-21,30.2,13.4,27.7,26.2,6.9
2015-05-20,33.6,19.1,28.3,27.3,1.2
2015-05-19,35.4,19.3,28.4,27.2,0.0
2015-05-18,35.3,18.1,28.0,25.4,0.0
2015-05-17,33.9,13.3,27.2,25.2,3.9
2015-05-16,26.3,13.9,28.2,25.3,19.5
2015-05-15,36.9,17.8,28.8,26.7,0.0
2015-05-14,36.2,19.7,28.6,25.8,0.3
2015-05-13,36.2,17.9,28.4,26.5,0.0
2015-05-12,36.6,16.9,27.7,26.0,0.0
2015-05-11,37.9,16.8,27.1,26.0,0.0
2015-05-10,35.2,15.2,26.8,25.3,0.0
2015-05-09,33.7,17.4,27.0,24.7,1.8
2015-05-08,34.0,15.9,26.2,24.9,0.0
2015-05-07,32.2,18.3,25.6,24.6,0.0
2015-05-06,29.7,17.1,24.8,22.8,0.0
2015-05-05,29.3,17.3,23.8,23.1,0.0
2015-05-04,23.1,16.8,23.5,22.8,0.0
2015-05-03,30.9,12.5,22.8,21.7,0.6
2015-05-02,15.9,13.7,23.0,22.1,9.3
2015-05-01,30.9,12.5,23.4,21.7,4.5
2015-04-30,25.8,13.2,23.3,21.4,3.0
2015-04-29,28.6,13.2,23.1,21.2,2.7
2015-04-28,15.2,13.2,23.1,22.3,16.2
2015-04-27,21.3,14.7,23.8,23.5,9.3
2015-04-26,20.4,14.9,25.0,24.1,0.0
2015-04-25,30.9,13.7,25.9,24.1,0.0
2015-04-24,30.8,15.0,25.8,23.8,0.0
2015-04-23,35.9,13.6,25.5,23.5,0.0
2015-04-22,32.9,11.6,24.5,22.9,0.0
2015-04-21,31.3,8.9,23.6,22.0,0.0
2015-04-20,23.0,9.3,23.2,22.7,1.5
2015-04-19,26.6,9.4,24.3,23.8,13.8
2015-04-18,17.1,13.0,25.0,21.7,9.9
2015-04-17,26.2,15.9,26.2,25.7,0.0
2015-04-16,32.6,14.9,26.9,23.6,0.0
2015-04-15,33.4,15.6,26.6,25.0,0.0
2015-04-14,33.8,13.9,26.1,24.6,0.0
2015-04-13,30.6,11.7,25.2,23.8,0.0
2015-04-12,28.1,12.3,24.3,23.7,0.0
2015-04-11,29.4,11.1,24.3,22.6,0.0
2015-04-10,27.8,10.3,23.8,21.9,0.0
2015-04-09,28.0,6.9,22.9,20.4,0.0
2015-04-08,22.3,7.8,22.0,21.1,0.0
2015-04-07,21.6,5.3,21.8,20.7,0.3
2015-04-06,14.0,6.9,22.1,21.5,4.8
2015-04-05,16.9,9.5,23.2,22.6,0.3
2015-04-04,25.9,10.2,24.5,23.8,0.0
2015-04-03,26.7,9.4,24.3,23.4,0.0
2015-04-02,26.6,12.9,26.0,23.8,0.0
2015-04-01,30.2,12.4,25.5,23.7,0.0
2015-03-31,31.1,11.3,24.5,21.0,0.0
2015-03-30,26.0,10.9,23.8,22.9,0.0
2015-03-29,29.3,9.3,23.6,22.5,0.0
2015-03-28,30.5,11.0,23.6,21.5,0.0
2015-03-27,25.5,10.5,21.7,20.9,2.4
2015-03-26,14.8,10.3,21.8,21.4,10.2
2015-03-25,17.0,11.5,21.4,20.8,0.6
2015-03-24,24.1,7.0,21.3,19.4,0.0
2015-03-23,13.2,7.8,20.5,20.1,5.4
2015-03-22,18.4,10.3,21.0,20.6,0.6
2015-03-21,22.2,10.4,21.5,20.6,0.0
2015-03-20,22.9,9.4,21.4,20.1,0.0
2015-03-19,23.0,7.6,20.8,19.2,0.0
2015-03-18,16.2,8.8,20.0,18.9,3.3
2015-03-17,10.4,7.7,20.1,19.6,12.9
2015-03-16,18.1,8.2,21.1,20.0,0.3
2015-03-15,17.7,8.7,21.2,20.8,0.0
2015-03-14,24.8,7.3,22.1,21.2,0.0
2015-03-13,23.5,8.6,22.6,21.4,0.0
2015-03-12,26.0,9.6,22.2,20.7,0.0
2015-03-11,23.7,5.9,21.5,19.7,0.0
2015-03-10,18.8,8.3,20.9,20.7,0.0
2015-03-09,17.0,5.3,20.7,20.0,0.0
2015-03-08,22.6,5.7,21.6,20.4,0.0
2015-03-07,23.0,6.3,22.1,20.2,0.0
2015-03-06,22.7,6.3,21.7,20.1,0.0
2015-03-05,19.5,7.2,21.5,20.4,0.3
2015-03-04,21.3,7.2,21.7,19.5,0.0
2015-03-03,18.0,9.1,20.8,20.1,0.6
2015-03-02,23.3,6.3,21.0,19.2,0.0
2015-03-01,16.1,7.6,20.3,19.1,0.0
2015-02-28,16.2,8.1,20.3,19.5,0.0
2015-02-27,16.6,7.7,20.8,19.6,0.0
2015-02-26,22.4,7.0,21.0,18.8,0.0
2015-02-25,10.7,7.2,20.1,18.9,3.6
2015-02-24,17.5,4.3,20.1,18.5,0.0
2015-02-23,14.7,5.2,20.0,18.3,12.3
2015-02-22,7.2,6.0,19.8,19.6,12.3
2015-02-21,20.2,4.8,20.3,19.4,0.0
2015-02-20,20.6,4.3,21.1,19.4,0.0
2015-02-19,17.5,5.5,21.2,19.1,0.0
2015-02-18,20.4,8.1,21.1,18.0,0.0
2015-02-17,13.1,5.8,19.2,17.3,0.3
2015-02-16,6.6,3.5,19.0,17.5,13.2
2015-02-15,5.6,4.8,19.4,18.1,14.7
2015-02-14,10.3,5.6,19.8,18.3,0.0
2015-02-13,14.3,3.6,20.6,18.7,0.0
2015-02-12,19.8,3.7,20.8,18.1,0.0
2015-02-11,18.2,2.0,20.5,17.4,0.0
2015-02-10,16.0,1.6,19.7,16.9,0.0
2015-02-09,13.5,1.3,19.2,16.4,0.0
2015-02-08,11.3,2.6,18.7,16.1,1.8
2015-02-07,4.0,1.3,18.3,16.2,28.2
2015-02-06,3.7,1.6,18.7,17.5,9.6
2015-02-05,10.3,5.1,19.3,17.0,0.0
2015-02-04,7.1,2.3,19.1,17.1,0.0
2015-02-03,18.3,2.3,20.7,17.6,0.0
2015-02-02,17.0,1.6,20.3,17.5,0.0
2015-02-01,13.5,1.4,20.1,17.1,0.0
2015-01-31,15.2,1.7,19.1,16.8,4.5
2015-01-30,6.3,2.6,19.2,17.6,0.6
2015-01-29,15.3,1.0,19.8,17.6,0.0
2015-01-28,10.6,3.0,20.1,18.8,0.0
2015-01-27,20.9,4.5,21.2,18.8,0.0
2015-01-26,22.4,4.4,21.0,16.4,0.3
2015-01-25,20.7,5.1,20.9,17.7,1.5
2015-01-24,21.4,2.8,20.1,16.8,0.0
2015-01-23,7.4,3.4,19.3,16.9,5.7
2015-01-22,5.9,5.0,19.0,17.5,13.5
2015-01-21,16.8,4.6,19.6,17.3,0.0
2015-01-20,10.0,4.6,19.2,18.0,0.0
2015-01-19,15.3,5.2,20.3,17.9,0.0
2015-01-18,20.5,6.5,20.3,17.3,7.5
2015-01-17,8.2,6.0,19.1,17.3,9.0
2015-01-16,8.9,4.3,19.2,17.7,2.1
2015-01-15,10.8,6.7,19.8,18.2,0.0
2015-01-14,9.5,6.2,19.8,19.2,0.0
2015-01-13,25.3,6.5,21.5,18.6,0.0
2015-01-12,23.3,5.1,20.6,18.4,0.0
2015-01-11,23.5,6.2,20.1,20.1,0.0
